0.094	0.093	0.640	0.549	0.509	0.037	0.038	0.039	0.040	0.039	0.041	0.041
0.135	0.140	0.503	0.456	0.552	0.037	0.038	0.039	0.039	0.041	0.040	0.039
0.185	0.186	0.381	0.379	0.382	0.037	0.038	0.038	0.039	0.040	0.040	0.040
0.271	0.275	0.356	0.341	0.333	0.036	0.038	0.040	0.040	0.040	0.039	0.045
0.490	0.440	0.036	0.036	0.035	0.037	0.039	0.038	0.041	0.039	0.039	0.039
0.687	0.650	0.036	0.036	0.037	0.037	0.039	0.039	0.040	0.039	0.041	0.039
0.036	0.036	0.036	0.036	0.048	0.041	0.039	0.039	0.039	0.039	0.039	0.039
0.037	0.037	0.036	0.037	0.038	0.038	0.038	0.038	0.038	0.039	0.039	0.040
750	0	3	1	0	2019/07/23	10:23:17
CODEV0105F7092E09392E393939092D302E30303109
